    (3101, 'Halden', 59.1226, 11.3871),
    (3103, 'Moss', 59.434, 10.659),
    (3105, 'Sarpsborg', 59.2841, 11.1096),
    (3107, 'Fredrikstad', 59.2205, 10.934),
    (3110, 'Hvaler', 59.0325, 11.0313),
    (3112, 'Råde', 59.3517, 10.8717),
    (3114, 'Våler (Østfold)', 59.4853, 10.8765),
    (3116, 'Skiptvet', 59.4771, 11.1657),
    (3118, 'Indre Østfold', 59.575, 11.318),
    (3120, 'Rakkestad', 59.428, 11.345),
    (3122, 'Marker', 59.5, 11.65),
    (3124, 'Aremark', 59.223, 11.695),
    (3201, 'Bærum', 59.9139, 10.516),
    (3203, 'Asker', 59.8333, 10.437),
    (3205, 'Lillestrøm', 59.955, 11.05),
    (3207, 'Nordre Follo', 59.76, 10.88),
    (3209, 'Ullensaker', 60.144, 11.175),
    (3212, 'Nesodden', 59.84, 10.66),
    (3214, 'Frogn', 59.67, 10.64),
    (3216, 'Vestby', 59.604, 10.743),
    (3218, 'Ås', 59.664, 10.791),
    (3220, 'Enebakk', 59.764, 11.147),
    (3222, 'Lørenskog', 59.928, 10.964),
    (3224, 'Rælingen', 59.892, 11.072),
    (3226, 'Aurskog-Høland', 59.83, 11.56),
    (3228, 'Nes', 60.12, 11.47),
    (3230, 'Gjerdrum', 60.07, 11.03),
    (3232, 'Nittedal', 60.05, 10.87),
    (3234, 'Lunner', 60.3, 10.6),
    (3236, 'Jevnaker', 60.24, 10.38),
    (3238, 'Nannestad', 60.22, 11.02),
    (3240, 'Eidsvoll', 60.33, 11.25),
    (3242, 'Hurdal', 60.43, 11.07),
    (0301, 'Oslo', 59.9139, 10.7522),
    (3301, 'Drammen', 59.744, 10.204),
    (3303, 'Kongsberg', 59.668, 9.65),
    (3305, 'Ringerike', 60.17, 10.25),
    (3310, 'Hole', 60.06, 10.28),
    (3312, 'Lier', 59.79, 10.27),
    (3314, 'Øvre Eiker', 59.77, 9.86),
    (3316, 'Modum', 59.97, 9.98),
    (3318, 'Krødsherad', 60.17, 9.7),
    (3320, 'Flå', 60.43, 9.47),
    (3322, 'Nesbyen', 60.568, 9.102),
    (3324, 'Gol', 60.703, 8.945),
    (3326, 'Hemsedal', 60.861, 8.553),
    (3328, 'Ål', 60.63, 8.56),
    (3330, 'Hol', 60.54, 8.21),
    (3332, 'Sigdal', 60.05, 9.62),
    (3334, 'Flesberg', 59.87, 9.47),
    (3336, 'Rollag', 60.02, 9.29),
    (3338, 'Nore og Uvdal', 60.27, 8.95),
    (3401, 'Kongsvinger', 60.19, 11.99),
    (3403, 'Hamar', 60.794, 11.068),
    (3405, 'Lillehammer', 61.115, 10.466),
    (3407, 'Gjøvik', 60.794, 10.692),
    (3411, 'Ringsaker', 60.886, 10.93),
    (3412, 'Løten', 60.817, 11.337),
    (3413, 'Stange', 60.715, 11.19),
    (3414, 'Nord-Odal', 60.45, 11.62),
    (3415, 'Sør-Odal', 60.24, 11.69),
    (3416, 'Eidskog', 59.99, 12.12),
    (3417, 'Grue', 60.44, 12.05),
    (3418, 'Åsnes', 60.6, 12.0),
    (3419, 'Våler', 60.67, 11.85),
    (3420, 'Elverum', 60.881, 11.562),
    (3421, 'Trysil', 61.315, 12.26),
    (3422, 'Åmot', 61.1, 11.4),
    (3423, 'Stor-Elvdal', 61.58, 11.05),
    (3424, 'Rendalen', 61.88, 11.08),
    (3425, 'Engerdal', 61.76, 11.96),
    (3426, 'Tolga', 62.41, 11.0),
    (3427, 'Tynset', 62.27, 10.78),
    (3428, 'Alvdal', 62.11, 10.63),
    (3429, 'Folldal', 62.13, 9.99),
    (3430, 'Os (Innlandet)', 62.5, 11.23),
    (3431, 'Dovre', 62.24, 9.53),
    (3432, 'Lesja', 62.117, 8.86),
    (3433, 'Skjåk', 61.88, 8.4),
    (3434, 'Lom', 61.84, 8.57),
    (3435, 'Vågå', 61.875, 9.14),
    (3436, 'Nord-Fron', 61.6, 9.76),
    (3437, 'Sel', 61.84, 9.57),
    (3438, 'Sør-Fron', 61.57, 9.95),
    (3439, 'Ringebu', 61.54, 10.14),
    (3440, 'Øyer', 61.26, 10.43),
    (3441, 'Gausdal', 61.22, 10.23),
    (3442, 'Østre Toten', 60.7, 10.85),
    (3443, 'Vestre Toten', 60.66, 10.52),
    (3446, 'Gran', 60.43, 10.56),
    (3447, 'Søndre Land', 60.66, 10.26),
    (3448, 'Nordre Land', 60.84, 10.1),
    (3449, 'Sør-Aurdal', 60.76, 9.62),
    (3450, 'Etnedal', 60.88, 9.65),
    (3451, 'Nord-Aurdal', 60.98, 9.24),
    (3452, 'Vestre Slidre', 61.08, 8.98),
    (3453, 'Øystre Slidre', 61.14, 9.06),
    (3454, 'Vang', 61.12, 8.55),
    (3901, 'Horten', 59.417, 10.483),
    (3903, 'Holmestrand', 59.487, 10.315),
    (3905, 'Tønsberg', 59.267, 10.407),
    (3907, 'Sandefjord', 59.131, 10.216),
    (3909, 'Larvik', 59.053, 10.027),
    (3911, 'Færder', 59.221, 10.386),
    (4001, 'Porsgrunn', 59.14, 9.656),
    (4003, 'Skien', 59.209, 9.609),
    (4005, 'Notodden', 59.559, 9.262),
    (4010, 'Siljan', 59.28, 9.71),
    (4012, 'Bamble', 59.0, 9.75),
    (4014, 'Kragerø', 58.87, 9.41),
    (4016, 'Drangedal', 59.1, 9.06),
    (4018, 'Nome', 59.28, 9.21),
    (4020, 'Midt-Telemark', 59.44, 9.05),
    (4022, 'Seljord', 59.48, 8.62),
    (4024, 'Hjartdal', 59.63, 8.94),
    (4026, 'Tinn', 59.84, 8.6),
    (4028, 'Kviteseid', 59.36, 8.49),
    (4030, 'Nissedal', 59.17, 8.4),
    (4032, 'Fyresdal', 59.2, 8.12),
    (4034, 'Tokke', 59.48, 8.02),
    (4036, 'Vinje', 59.7, 7.95),
    (4201, 'Risør', 58.72, 9.23),
    (4202, 'Grimstad', 58.34, 8.59),
    (4203, 'Arendal', 58.46, 8.77),
    (4204, 'Kristiansand', 58.146, 7.995),
    (4205, 'Lindesnes', 58.1, 7.3),
    (4206, 'Farsund', 58.095, 6.8),
    (4207, 'Flekkefjord', 58.295, 6.66),
    (4211, 'Gjerstad', 58.88, 9.01),
    (4212, 'Vegårshei', 58.77, 8.8),
    (4213, 'Tvedestrand', 58.62, 8.92),
    (4214, 'Froland', 58.55, 8.6),
    (4215, 'Lillesand', 58.25, 8.38),
    (4216, 'Birkenes', 58.38, 8.17),
    (4217, 'Åmli', 58.8, 8.45),
    (4218, 'Iveland', 58.49, 8.23),
    (4219, 'Evje og Hornnes', 58.585, 7.78),
    (4220, 'Bygland', 58.85, 7.8),
    (4221, 'Valle', 59.21, 7.53),
    (4222, 'Bykle', 59.34, 7.36),
    (4223, 'Vennesla', 58.342, 7.975),
    (4224, 'Åseral', 58.68, 7.35),
    (4225, 'Lyngdal', 58.137, 7.07),
    (4226, 'Hægebostad', 58.33, 7.22),
    (4227, 'Kvinesdal', 58.35, 6.95),
    (4228, 'Sirdal', 58.92, 6.95),
    (1101, 'Eigersund', 58.45, 6.0),
    (1103, 'Stavanger', 58.97, 5.733),
    (1106, 'Haugesund', 59.413, 5.268),
    (1108, 'Sandnes', 58.851, 5.735),
    (1111, 'Sokndal', 58.28, 6.3),
    (1112, 'Lund', 58.45, 6.55),
    (1114, 'Bjerkreim', 58.65, 5.92),
    (1119, 'Hå', 58.6, 5.65),
    (1120, 'Klepp', 58.78, 5.63),
    (1121, 'Time', 58.74, 5.72),
    (1122, 'Gjesdal', 58.78, 5.88),
    (1124, 'Sola', 58.888, 5.652),
    (1127, 'Randaberg', 59.001, 5.615),
    (1130, 'Strand', 59.05, 6.03),
    (1133, 'Hjelmeland', 59.23, 6.18),
    (1134, 'Suldal', 59.45, 6.47),
    (1135, 'Sauda', 59.65, 6.35),
    (1144, 'Kvitsøy', 59.06, 5.41),
    (1145, 'Bokn', 59.23, 5.43),
    (1146, 'Tysvær', 59.42, 5.45),
    (1149, 'Karmøy', 59.28, 5.3),
    (1151, 'Utsira', 59.3, 4.88),
    (1160, 'Vindafjord', 59.55, 5.85),
    (4601, 'Bergen', 60.392, 5.324),
    (4602, 'Kinn', 61.6, 5.1),
    (4611, 'Etne', 59.66, 5.94),
    (4612, 'Sveio', 59.54, 5.36),
    (4613, 'Bømlo', 59.79, 5.18),
    (4614, 'Stord', 59.78, 5.5),
    (4615, 'Fitjar', 59.92, 5.32),
    (4616, 'Tysnes', 60.04, 5.53),
    (4617, 'Kvinnherad', 60.18, 6.0),
    (4618, 'Ullensvang', 60.32, 6.65),
    (4619, 'Eidfjord', 60.42, 7.08),
    (4620, 'Ulvik', 60.57, 6.92),
    (4621, 'Voss', 60.63, 6.42),
    (4622, 'Kvam', 60.38, 6.13),
    (4623, 'Samnanger', 60.37, 5.73),
    (4624, 'Bjørnafjorden', 60.2, 5.5),
    (4625, 'Austevoll', 60.09, 5.23),
    (4626, 'Øygarden', 60.58, 4.93),
    (4627, 'Askøy', 60.4, 5.18),
    (4628, 'Vaksdal', 60.48, 5.74),
    (4629, 'Modalen', 60.82, 5.82),
    (4630, 'Osterøy', 60.53, 5.47),
    (4631, 'Alver', 60.65, 5.25),
    (4632, 'Austrheim', 60.77, 5.02),
    (4633, 'Fedje', 60.78, 4.71),
    (4634, 'Masfjorden', 60.9, 5.4),
    (4635, 'Gulen', 60.99, 5.05),
    (4636, 'Solund', 61.08, 4.83),
    (4637, 'Hyllestad', 61.17, 5.3),
    (4638, 'Høyanger', 61.22, 6.08),
    (4639, 'Vik', 61.09, 6.57),
    (4640, 'Sogndal', 61.229, 7.101),
    (4641, 'Aurland', 60.91, 7.19),
    (4642, 'Lærdal', 61.1, 7.47),
    (4643, 'Årdal', 61.25, 7.7),
    (4644, 'Luster', 61.53, 7.47),
    (4645, 'Askvoll', 61.35, 5.07),
    (4646, 'Fjaler', 61.24, 5.28),
    (4647, 'Sunnfjord', 61.45, 5.9),
    (4648, 'Bremanger', 61.77, 5.5),
    (4649, 'Stad', 62.03, 5.15),
    (4650, 'Gloppen', 61.77, 6.22),
    (4651, 'Stryn', 61.9, 6.72),
    (1505, 'Kristiansund', 63.11, 7.73),
    (1506, 'Molde', 62.737, 7.16),
    (1508, 'Ålesund', 62.472, 6.154),
    (1511, 'Vanylven', 62.0, 5.63),
    (1514, 'Sande', 62.2, 5.55),
    (1515, 'Herøy', 62.37, 5.65),
    (1516, 'Ulstein', 62.35, 5.85),
    (1517, 'Hareid', 62.37, 6.02),
    (1520, 'Ørsta', 62.2, 6.12),
    (1525, 'Stranda', 62.31, 6.94),
    (1528, 'Sykkylven', 62.39, 6.58),
    (1531, 'Sula', 62.43, 6.1),
    (1532, 'Giske', 62.5, 6.1),
    (1535, 'Vestnes', 62.62, 7.09),
    (1539, 'Rauma', 62.56, 7.67),
    (1547, 'Aukra', 62.8, 6.9),
    (1554, 'Averøy', 63.03, 7.55),
    (1557, 'Gjemnes', 62.93, 7.73),
    (1560, 'Tingvoll', 62.91, 8.2),
    (1563, 'Sunndal', 62.67, 8.56),
    (1566, 'Surnadal', 62.97, 8.72),
    (1573, 'Smøla', 63.43, 8.0),
    (1576, 'Aure', 63.05, 8.6),
    (1577, 'Volda', 62.147, 6.074),
    (1578, 'Fjord', 62.3, 7.26),
    (1579, 'Hustadvika', 62.87, 7.14),
    (1580, 'Haram', 62.63, 6.4),
    (5001, 'Trondheim', 63.4305, 10.3951),
    (5006, 'Steinkjer', 64.0149, 11.4954),
    (5007, 'Namsos', 64.4667, 11.495),
    (5014, 'Frøya', 63.726, 8.827),
    (5020, 'Osen', 64.3, 10.51),
    (5021, 'Oppdal', 62.594, 9.69),
    (5022, 'Rennebu', 62.83, 10.02),
    (5025, 'Røros', 62.575, 11.38),
    (5026, 'Holtålen', 62.95, 11.27),
    (5027, 'Midtre Gauldal', 63.03, 10.3),
    (5028, 'Melhus', 63.3, 10.28),
    (5029, 'Skaun', 63.26, 10.07),
    (5031, 'Malvik', 63.43, 10.68),
    (5032, 'Selbu', 63.23, 11.04),
    (5033, 'Tydal', 63.06, 11.87),
    (5034, 'Meråker', 63.42, 11.74),
    (5035, 'Stjørdal', 63.47, 10.92),
    (5036, 'Frosta', 63.59, 10.74),
    (5037, 'Levanger', 63.746, 11.299),
    (5038, 'Verdal', 63.793, 11.48),
    (5041, 'Snåsa', 64.25, 12.38),
    (5042, 'Lierne', 64.45, 13.59),
    (5043, 'Røyrvik', 64.89, 13.56),
    (5044, 'Namsskogan', 64.92, 13.16),
    (5045, 'Grong', 64.465, 12.315),
    (5046, 'Høylandet', 64.63, 12.3),
    (5047, 'Overhalla', 64.49, 11.95),
    (5049, 'Flatanger', 64.45, 10.95),
    (5052, 'Leka', 65.09, 11.7),
    (5053, 'Inderøy', 63.87, 11.3),
    (5054, 'Indre Fosen', 63.57, 10.28),
    (5055, 'Heim', 63.2, 9.05),
    (5056, 'Hitra', 63.6, 8.86),
    (5057, 'Ørland', 63.7, 9.67),
    (5058, 'Åfjord', 64.0, 10.3),
    (5059, 'Orkland', 63.3, 9.8),
    (5060, 'Nærøysund', 64.86, 11.24),
    (5061, 'Rindal', 63.05, 9.22),
    (1804, 'Bodø', 67.28, 14.405),
    (1806, 'Narvik', 68.438, 17.427),
    (1811, 'Bindal', 65.09, 12.6),
    (1812, 'Sømna', 65.31, 12.1),
    (1813, 'Brønnøy', 65.46, 12.21),
    (1815, 'Vega', 65.68, 11.95),
    (1816, 'Vevelstad', 65.66, 12.42),
    (1818, 'Herøy', 65.99, 12.3),
    (1820, 'Alstahaug', 66.02, 12.63),
    (1822, 'Leirfjord', 66.07, 13.12),
    (1824, 'Vefsn', 65.84, 13.19),
    (1825, 'Grane', 65.48, 13.87),
    (1826, 'Hattfjelldal', 65.59, 13.99),
    (1827, 'Dønna', 66.1, 12.53),
    (1828, 'Nesna', 66.2, 13.02),
    (1832, 'Hemnes', 66.08, 13.81),
    (1833, 'Rana', 66.375, 14.14),
    (1834, 'Lurøy', 66.4, 12.8),
    (1835, 'Træna', 66.5, 12.1),
    (1836, 'Rødøy', 66.7, 13.0),
    (1837, 'Meløy', 66.87, 13.8),
    (1838, 'Gildeskål', 67.03, 14.07),
    (1839, 'Beiarn', 67.0, 14.7),
    (1840, 'Saltdal', 67.1, 15.6),
    (1841, 'Fauske', 67.26, 15.39),
    (1845, 'Sørfold', 67.35, 15.6),
    (1848, 'Steigen', 67.77, 15.01),
    (1851, 'Lødingen', 68.41, 15.99),
    (1853, 'Evenes', 68.52, 16.68),
    (1856, 'Røst', 67.52, 12.1),
    (1857, 'Værøy', 67.66, 12.68),
    (1859, 'Flakstad', 68.08, 13.22),
    (1860, 'Vestvågøy', 68.15, 13.61),
    (1865, 'Vågan', 68.23, 14.56),
    (1866, 'Hadsel', 68.56, 14.92),
    (1867, 'Bø', 68.62, 14.47),
    (1868, 'Øksnes', 68.92, 15.25),
    (1870, 'Sortland', 68.7, 15.41),
    (1871, 'Andøy', 69.08, 15.64),
    (1874, 'Moskenes', 67.93, 12.97),
    (1875, 'Hamarøy', 68.1, 15.5),
    (5501, 'Tromsø', 69.649, 18.955),
    (5503, 'Harstad', 68.798, 16.541),
    (5510, 'Kvæfjord', 68.77, 16.05),
    (5512, 'Tjeldsund', 68.54, 16.6),
    (5514, 'Ibestad', 68.8, 17.25),
    (5516, 'Gratangen', 68.68, 17.54),
    (5518, 'Lavangen', 68.73, 17.83),
    (5520, 'Bardu', 68.86, 18.35),
    (5522, 'Salangen', 68.87, 17.85),
    (5524, 'Målselv', 69.05, 18.55),
    (5526, 'Sørreisa', 69.15, 18.15),
    (5528, 'Dyrøy', 69.1, 17.85),
    (5530, 'Senja', 69.3, 17.0),
    (5532, 'Balsfjord', 69.32, 19.2),
    (5534, 'Karlsøy', 69.7, 19.6),
    (5536, 'Lyngen', 69.58, 20.2),
    (5538, 'Storfjord', 69.25, 20.3),
    (5540, 'Kåfjord', 69.61, 20.55),
    (5542, 'Skjervøy', 70.03, 20.97),
    (5544, 'Nordreisa', 69.8, 21.2),
    (5546, 'Kvænangen', 69.92, 22.1),
    (5601, 'Alta', 69.968, 23.271),
    (5603, 'Hammerfest', 70.663, 23.682),
    (5605, 'Sør-Varanger', 69.728, 30.042),
    (5607, 'Vadsø', 70.074, 29.748),
    (5610, 'Karasjok', 69.471, 25.514),
    (5612, 'Kautokeino', 69.012, 23.041),
    (5614, 'Loppa', 70.33, 21.5),
    (5616, 'Hasvik', 70.5, 22.0),
    (5618, 'Måsøy', 70.99, 24.66),
    (5620, 'Nordkapp', 71.17, 25.78),
    (5622, 'Porsanger', 70.05, 25.06),
    (5624, 'Lebesby', 70.96, 27.35),
    (5626, 'Gamvik', 71.04, 27.85),
    (5628, 'Tana', 70.199, 28.189),
    (5630, 'Berlevåg', 70.86, 29.09),
    (5632, 'Båtsfjord', 70.6, 29.72),
    (5634, 'Vardø', 70.37, 31.11),
    (5636, 'Nesseby', 70.17, 28.56),
